20	190.208978	190.208978	True	0.0508	0.0031	6	0
7.516315537601432	5.595329205246269	-12.500799213590792	16.308220273243666	4.1749976585145685	21.15023585421704	-17.165284455514538	-15.511110938172983	-0.9715280594578095	4.0111149193827975	19.740228284606292	-18.91928135321514	-3.8690387187121935	37.714923085309884	-14.960659468887542	-5.48045530511963	-0.26504971343432615	39.4254632986742	-49.07064550479592	-0.6089474917048765	
-8.075404125776764	-1.3824364912666067	4.71148860898121	-9.959811151955467	-3.537237488716347	-4.220340070416237	-1.0366287536027556	7.383920187447704	-6.797644198007666	-9.473623159048572	2.8120544222389827	13.101733602990892	12.755370765549527	5.4091648662562495	12.20197460018218	-0.10198917447350138	-3.2135188601512388	-9.748907496813406	7.738884802635761	-6.311956400723128	
-1.3824364912666067	11.269289448810541	4.944873093344262	-20.784565820501033	1.823705051930527	-6.381578776859946	-3.9715976321326902	12.909456596102556	-3.889121571956853	-1.4101268283073272	-2.9762520238301375	3.5472557968916356	-8.259540257984531	-8.544195008351995	2.9500868756383607	1.744731518632838	-4.301651894617768	-11.790941586289964	12.011169321001942	1.2281079929424699	
4.71148860898121	4.944873093344262	-1.648478610216919	-2.157770827290106	-6.523594081310232	1.7864892140053197	3.457917586624488	4.962144401028326	-0.667973097458394	0.3731419387371748	-9.36774742017107	0.7911145952366154	-2.250206224455498	-19.00354931491198	-0.9402566759717031	4.247857916104994	-6.529882478869991	2.368082080610936	4.58444356652768	-9.932666893413233	
-9.959811151955467	-20.784565820501033	-2.1577708272901055	0.38195310908846186	-0.8615795957237212	-8.122146812498764	1.370973355633725	-9.849786175968607	-7.5267217731837315	3.076258295675485	-4.551994407176337	1.7790036769325557	9.803622136545439	-6.67353278385725	2.9148986987698065	8.257256978405701	-2.1924268749479094	-3.018775115941648	-1.6082708336221765	1.1788776761597308	
-3.537237488716348	1.8237050519305265	-6.523594081310232	-0.8615795957237217	4.182068379485822	10.333841974752701	3.880963735712005	4.2800440294573665	-9.222619274716102	-2.748251348983614	2.9589725888707235	-10.94496824170003	-0.00784764275083896	5.8299608085225145	7.2352456961002884	2.965769476348683	-6.83008939450769	-5.69631193271541	6.048027438559371	-9.90090755374634	
-4.220340070416237	-6.381578776859947	1.7864892140053197	-8.122146812498764	10.333841974752701	14.533103799357635	-4.158143706773801	-5.34341103167494	-12.31306041816113	1.2722446696979208	-11.899596351127927	-7.726306099193339	7.572333104644341	3.119201491987476	3.2275353564765137	8.707561960230137	-1.7771565349046383	-3.0862827332630896	5.497284130417358	-12.401761389515208	
-1.0366287536027554	-3.9715976321326902	3.457917586624487	1.370973355633724	3.880963735712004	-4.158143706773801	2.619469612372375	-3.510353370880105	-0.02139676236289742	-0.5850765068996132	2.438096784820716	4.009662145809765	1.0396898028684025	-10.992198811346812	9.895689024037546	-1.9114232504133015	-7.980787364281665	0.6566539416613769	-3.7935574643184333	1.2902588198710014	
7.383920187447705	12.909456596102554	4.962144401028326	-9.849786175968607	4.2800440294573665	-5.343411031674939	-3.5103533708801056	10.953583106839295	5.734969152546807	-14.29008969817128	1.3093938293296872	11.879408660493604	0.43682963886421344	2.944557367265148	-7.158126799611636	1.8567296371318973	3.0684591013849603	-3.088602346146852	4.648256331816794	1.3014851336844295	
-6.7976441980076645	-3.889121571956853	-0.6679730974583943	-7.5267217731837315	-9.2226192747161	-12.313060418161133	-0.021396762362897143	5.734969152546807	7.095911873153661	0.9443653987950196	8.1745589091665	4.582411005559366	2.725868074110834	-4.787811941405181	4.218362856223326	-3.547340812156445	9.201867541858523	-6.0548309168013885	7.570979493879875	6.893297086989026	
-9.473623159048572	-1.4101268283073272	0.373141938737175	3.0762582956754856	-2.748251348983615	1.2722446696979217	-0.5850765068996133	-14.29008969817128	0.944365398795019	3.114773001233316	-2.576026056104827	1.8978439321735812	-6.692519817872601	-1.503325856434085	-6.794734913308022	5.918408366890314	9.726276147756185	7.5911655821765915	-3.8499713025189286	7.630480993959747	
2.812054422238983	-2.9762520238301358	-9.367747420171069	-4.551994407176336	2.958972588870724	-11.899596351127927	2.4380967848207167	1.309393829329686	8.174558909166501	-2.5760260561048276	2.6884165141221774	-2.1218967465020784	-8.384103486378356	-16.799542857229223	4.205649150190799	-1.9131513033711933	-7.0643547865282175	-10.850211091417984	-2.3834781114479053	-0.9290975184865525	
13.101733602990892	3.5472557968916347	0.7911145952366154	1.7790036769325555	-10.94496824170003	-7.726306099193338	4.009662145809766	11.879408660493603	4.582411005559366	1.8978439321735823	-2.121896746502077	12.171168047787715	4.9267396180131815	-6.836843798409845	0.19111790350249608	-5.441859520591564	1.146666413863834	-12.897209200952886	10.38464301601686	5.294933264968367	
12.755370765549529	-8.25954025798453	-2.250206224455499	9.80362213654544	-0.007847642750838978	7.572333104644344	1.0396898028684025	0.43682963886421294	2.725868074110834	-6.692519817872602	-8.384103486378358	4.926739618013182	18.89413325076182	0.5272869927329747	-5.045963441902616	6.2017114307590235	1.8414850439456583	0.0816509109845037	2.4476246376117774	-3.1029460529839	
5.4091648662562495	-8.544195008351993	-19.00354931491198	-6.67353278385725	5.8299608085225145	3.1192014919874755	-10.992198811346812	2.944557367265149	-4.787811941405182	-1.503325856434085	-16.799542857229223	-6.836843798409844	0.5272869927329757	-8.894233611364735	-13.814908933613935	15.686820061046095	-7.319246964191267	1.8572980752232495	4.265630868594838	-16.09336073227841	
12.201974600182181	2.9500868756383603	-0.9402566759717039	2.9148986987698065	7.235245696100288	3.2275353564765146	9.895689024037546	-7.158126799611636	4.218362856223327	-6.794734913308022	4.205649150190799	0.19111790350249538	-5.045963441902616	-13.814908933613934	7.372412730136682	-1.0645108004454495	-0.08526728072562775	-5.6279859997189225	-3.6024693037214175	-0.04425568732669069	
-0.10198917447350067	1.7447315186328378	4.247857916104994	8.2572569784057	2.965769476348683	8.707561960230136	-1.9114232504133015	1.8567296371318973	-3.547340812156446	5.918408366890314	-1.9131513033711933	-5.441859520591564	6.2017114307590235	15.686820061046095	-1.0645108004454493	-1.4106818363069376	-5.726270187596815	3.677387214702436	-2.3347884268735624	2.6659598396187474	
-3.213518860151239	-4.301651894617768	-6.5298824788699905	-2.1924268749479094	-6.830089394507689	-1.7771565349046383	-7.980787364281665	3.0684591013849594	9.201867541858523	9.726276147756183	-7.0643547865282175	1.1466664138638336	1.8414850439456576	-7.319246964191267	-0.08526728072562731	-5.726270187596815	3.393210984371281	-0.3546006387505478	9.541785474101573	-5.359089460071046	
-9.748907496813404	-11.790941586289964	2.368082080610937	-3.018775115941648	-5.696311932715411	-3.08628273326309	0.6566539416613774	-3.0886023461468533	-6.054830916801389	7.591165582176592	-10.850211091417986	-12.897209200952888	0.08165091098450364	1.85729807522325	-5.6279859997189225	3.677387214702436	-0.35460063875054804	-5.392494100795187	1.451747383144235	1.9189025519935154	
7.738884802635761	12.011169321001942	4.584443566527681	-1.6082708336221792	6.048027438559372	5.497284130417358	-3.7935574643184338	4.648256331816795	7.570979493879874	-3.849971302518928	-2.3834781114479053	10.384643016016861	2.447624637611778	4.265630868594838	-3.6024693037214175	-2.334788426873562	9.541785474101571	1.4517473831442351	13.089923383206248	2.6357653248358504	
-6.311956400723129	1.2281079929424707	-9.93266689341323	1.1788776761597308	-9.90090755374634	-12.401761389515208	1.2902588198710012	1.3014851336844306	6.893297086989026	7.630480993959747	-0.9290975184865524	5.294933264968367	-3.102946052983901	-16.093360732278413	-0.044255687326690274	2.6659598396187483	-5.359089460071044	1.918902551993516	2.6357653248358517	12.71696747714918	
0.0	0.0	0.0	1.0	1.0	1.0	0.0	0.0	0.0	1.0	0.0	0.0	1.0	1.0	0.0	1.0	0.0	1.0	0.0	0.0	