20	180.264863	180.264863	True	0.0812	0.0027	3	4
17.85727341275004	-2.7882031169192665	-7.282449830731318	9.067321345691457	-13.830633136327195	6.487104392328806	17.257968116803497	-23.824528575242176	50.03190811653174	-28.551065448186456	37.90665861574445	28.244146906251935	-14.278957332054631	10.773108742928258	-0.756004011868713	34.99191330459743	21.3878691733541	25.522323278930948	-8.753894193245289	37.47687511656294	
-8.385280623112692	-3.871108303851967	-11.193100852961976	-0.6001552083709498	-1.7421624420195867	2.0907302743609004	18.762023921573693	3.752866127441269	0.28121639201866394	-6.278466836848595	0.3953742846744812	0.831439912951254	-5.428085578922676	11.402016754316275	5.655663256670048	-0.05867053106862268	5.515452406496386	4.541499501881036	-1.4332964567924191	-4.706571408475183	
-3.8711083038519662	-28.246444918873443	-3.281895106671311	-3.5907138853108407	-2.4832564888058815	-4.177317499986683	7.603169417989829	9.461310045783199	-9.461579070382738	-7.207951172903883	-1.6195998498247035	-6.241006590232494	1.9762714033360405	-2.0525172111807826	-0.22817152128876578	4.22397893635232	8.484656860929912	-2.5323531608916894	13.572199077494327	-6.034081475589382	
-11.193100852961976	-3.2818951066713105	-3.7077733474110603	-12.363375316686016	-0.4249219033612486	1.3761869509675937	10.50677384843301	0.5474155840502485	2.6897792390518256	3.739564407095735	-8.489937320477344	2.246951204202501	11.833258287679884	-1.3597396801444892	0.9132398212927778	3.8221878166705427	10.811174987758907	-3.3860861056001372	0.7673672410965121	2.61215980003476	
-0.60015520837095	-3.5907138853108407	-12.363375316686017	14.646993952624141	9.805417397508837	-7.4963512820542935	-0.10731364184562357	5.810151850741357	-14.687389154906995	1.2942514446323732	2.3597074886270155	1.3401205474326139	10.015664888604963	-3.6461056473372953	9.728472366102737	-1.705293925643765	-1.322731469576755	7.456050537136911	1.6434485183446113	1.4462135365380577	
-1.7421624420195871	-2.4832564888058815	-0.42492190336124847	9.805417397508837	3.5983339895583155	-6.185260137383191	-8.421020949773984	-3.4651920348516807	-4.687271661753705	8.365646416512169	-7.135378578830199	-2.452878575871855	3.684440876605959	-9.155315302115497	6.700645959111943	-4.944448952544983	-4.0727728553469	-1.7920742071392401	4.897836334881996	3.0439805615640245	
2.090730274360901	-4.177317499986683	1.3761869509675935	-7.4963512820542935	-6.185260137383191	-3.3957698352067953	2.6715191271154177	2.3274362061995277	-0.6136314649467968	-1.9431776187576342	-1.1369148747614195	-4.880973322025064	-5.579472015049852	-4.432686942744128	5.2959521237463845	1.9610240678922823	-0.0981550931182134	-9.49530292589982	-1.9571466182632993	-1.42742166236624	
18.762023921573693	7.603169417989827	10.506773848433008	-0.10731364184562366	-8.421020949773984	2.671519127115418	-12.90573090003799	1.5337349175494306	-5.633201536075995	-1.6395674168154641	3.732198693670462	7.091560717091014	-2.734096402805604	-3.121327535599854	-5.073057862217715	-7.861170715802762	-10.167679964534793	-1.3663956405279785	1.8929549575926732	-1.3182120966214756	
3.7528661274412682	9.461310045783199	0.5474155840502484	5.810151850741356	-3.4651920348516807	2.3274362061995286	1.5337349175494317	-8.804609751716088	-1.9520727691940416	10.406799785115883	3.2634418131593934	1.7981824760713174	-4.812484166604429	8.646910454407582	0.11139381983609362	1.3602106591213912	-9.695643267498834	6.101906327416668	0.6473584904189225	-0.5755319040200291	
0.28121639201866505	-9.461579070382736	2.6897792390518265	-14.687389154906995	-4.687271661753704	-0.6136314649467968	-5.633201536075995	-1.9520727691940416	-12.67353461195514	0.6650967131692817	-5.460874905036822	-10.343558571316906	11.934723443962762	-13.960991851539942	-1.421569136893587	-1.4791079968778875	0.5996120040146092	-16.47174717086853	2.272879995719939	0.2159097220222682	
-6.278466836848595	-7.207951172903882	3.739564407095735	1.2942514446323732	8.365646416512169	-1.9431776187576344	-1.6395674168154641	10.406799785115883	0.6650967131692824	-4.1794394668456585	-2.567535066970246	-3.615880773314827	-2.6626835747215223	4.731598267735182	-9.550096367548518	5.62270500532086	1.8624706787518506	-0.4762221915071651	3.9277011598909057	-14.536852418124084	
0.3953742846744809	-1.6195998498247033	-8.489937320477344	2.359707488627015	-7.135378578830198	-1.1369148747614195	3.732198693670462	3.2634418131593934	-5.460874905036822	-2.567535066970246	-17.145729354926097	-6.373485194021169	-1.681966302545306	-3.121367197476597	11.603007784929142	-9.08561991496747	-0.4845099229160576	-10.40500848939152	1.9965448129775931	-1.6054376037308222	
0.831439912951254	-6.241006590232494	2.246951204202501	1.3401205474326139	-2.452878575871855	-4.8809733220250635	7.091560717091014	1.798182476071317	-10.343558571316905	-3.615880773314826	-6.373485194021169	-8.265686443513118	2.2325611587187812	1.7996899466393699	2.5085445706461487	2.8547364960523707	5.1754968571926305	-6.768732251390196	8.381249870847622	-5.798181387684865	
-5.428085578922676	1.9762714033360405	11.833258287679884	10.015664888604963	3.6844408766059584	-5.579472015049852	-2.734096402805604	-4.812484166604429	11.934723443962762	-2.6626835747215223	-1.6819663025453064	2.232561158718782	-25.660005523817816	20.212199949101436	-1.9308923644751288	1.7823098308265315	-4.478642897226296	8.152398124381039	14.332405267589067	-10.597619658916907	
11.402016754316275	-2.052517211180783	-1.3597396801444896	-3.6461056473372957	-9.155315302115495	-4.4326869427441284	-3.121327535599856	8.646910454407582	-13.960991851539944	4.731598267735182	-3.121367197476597	1.799689946639369	20.212199949101436	-21.84528388312185	-0.1028089709530873	-7.363659575819789	-2.285897430761721	-10.901044928716322	-6.596174078176603	1.0016518316670775	
5.655663256670048	-0.22817152128876603	0.913239821292777	9.728472366102737	6.700645959111942	5.2959521237463845	-5.073057862217715	0.11139381983609428	-1.4215691368935885	-9.550096367548514	11.603007784929142	2.5085445706461487	-1.930892364475132	-0.1028089709530876	-17.644477596098625	-0.6001417658960464	-0.1161950965015385	12.070404217918304	-6.015429634137089	-9.562711112432622	
-0.058670531068622384	4.223978936352319	3.8221878166705427	-1.705293925643765	-4.944448952544983	1.9610240678922826	-7.861170715802762	1.3602106591213912	-1.4791079968778882	5.62270500532086	-9.08561991496747	2.8547364960523707	1.7823098308265324	-7.363659575819791	-0.6001417658960454	-18.865852643705388	-7.821317224304395	-5.4929996302655955	0.18508863597529185	-3.8375806901353404	
5.515452406496386	8.484656860929912	10.811174987758909	-1.3227314695767547	-4.0727728553469	-0.09815509311821427	-10.167679964534793	-9.695643267498834	0.5996120040146096	1.8624706787518497	-0.4845099229160575	5.175496857192631	-4.478642897226296	-2.2858974307617212	-0.11619509650153825	-7.821317224304395	-14.048458283499574	0.4736979273815786	5.680459381894895	0.2405514897188384	
4.541499501881037	-2.5323531608916894	-3.3860861056001363	7.456050537136911	-1.7920742071392397	-9.49530292589982	-1.3663956405279796	6.1019063274166685	-16.47174717086853	-0.476222191507165	-10.40500848939152	-6.768732251390195	8.152398124381037	-10.90104492871632	12.070404217918306	-5.492999630265596	0.4736979273815788	-15.218935933358178	2.2196531221689333	0.2877111019414086	
-1.4332964567924191	13.572199077494327	0.7673672410965122	1.6434485183446113	4.897836334881997	-1.9571466182632993	1.8929549575926736	0.6473584904189214	2.272879995719939	3.9277011598909057	1.9965448129775936	8.381249870847622	14.332405267589065	-6.596174078176603	-6.015429634137089	0.185088635975292	5.680459381894895	2.219653122168933	-15.510408290037052	-6.635375968305978	
-4.706571408475184	-6.034081475589381	2.61215980003476	1.4462135365380577	3.0439805615640254	-1.42742166236624	-1.3182120966214765	-0.5755319040200291	0.2159097220222691	-14.536852418124083	-1.6054376037308216	-5.798181387684865	-10.597619658916907	1.0016518316670768	-9.562711112432623	-3.837580690135339	0.24055148971883913	0.2877111019414079	-6.635375968305977	-20.317266658083756	
1.0	0.0	0.0	1.0	0.0	0.0	1.0	0.0	0.0	0.0	1.0	1.0	0.0	0.0347	1.0	0.1028	1.0	1.0	0.0108	0.7889	