20	240.882708	240.882708	True	0.0483	0.0017	8	1
0.4227179470155322	-13.808349032372865	32.82810178751545	6.365195028321349	25.066158580552948	11.896929240578503	5.387746672706333	23.19881688442233	13.487797830371896	3.417005696755414	19.729312647970005	27.689572171298742	-22.31934296727354	-12.404975083088232	-5.040598445571913	43.5703627433891	-0.7747901304679576	27.316455794452718	-33.43689299916737	-6.729254757022319	
12.806478579375044	0.6463341784211206	-13.95892086603349	-0.5655839267469762	-3.6266653726682043	-0.3713119744523482	-4.68568023007388	5.3525010001347475	-13.595510834697215	5.6640901398169685	-1.9416809039822531	5.1007457431279875	4.737198978363992	-2.20687872440639	16.052308243188293	-18.8831462152466	9.252111531192156	-8.53388114376216	8.386151714513087	-5.263923547026181	
0.6463341784211208	14.506411295557383	-3.613047276563965	6.095789422304506	6.1819416689936695	5.029738150059611	5.434052481944577	-1.327875885834136	2.829939856039798	-3.0336482509482803	-1.6201889515362207	6.077922902613123	-3.5845621959048555	13.167035259116409	-8.282209805239859	2.792639184902085	1.9359806161233422	0.0844638943070632	-0.842786226624753	4.954515329330778	
-13.95892086603349	-3.613047276563965	5.630060051579637	12.465246056069873	-2.7390502828753687	3.684892320386805	-0.4510446235543744	-14.707027690059245	11.036190887788743	-9.706992869708104	-16.49336784202976	-6.952684959177828	-3.454726846224386	-1.1810815708922813	-7.16824982645246	3.2572070198161667	-9.42943057829365	9.334921773405707	-3.186562492990121	7.332965498653541	
-0.5655839267469762	6.095789422304509	12.465246056069875	4.6015046469359975	-16.008050711055947	-7.1318542774934865	2.893388461094455	-11.634432368026463	-4.153873036970152	-6.687063959849551	-3.9888397118696846	-17.085680792745585	0.24260757885621523	-8.38075706986446	1.9532907686718772	-0.2692706500600974	-10.96897129258043	8.301317574269001	14.654616218075969	1.2380336575877724	
-3.626665372668204	6.181941668993669	-2.7390502828753673	-16.008050711055947	-17.125436931778967	-5.36072988129237	-10.776257029145635	-12.339480216134241	2.1106320118196447	-11.34832507311546	3.6846857871718797	-10.298952782945518	0.9808197485316655	2.438220701695899	-8.845047371051963	-0.475203399939583	1.0380767540025497	-3.6649213104622897	4.3853566528661725	-8.63956874858003	
-0.37131197445234865	5.029738150059611	3.684892320386806	-7.131854277493485	-5.36072988129237	5.691380027152862	6.733041923347789	-0.6028542645151886	2.8953356955737117	-14.603200975527315	-2.726168852531615	-1.7965161334183959	0.410750792073553	-8.798195601021801	3.276881260179938	-3.3318824653460566	1.4536534662990477	5.055746075370922	-2.496110397593398	1.217949499209547	
-4.6856802300738805	5.434052481944578	-0.4510446235543744	2.8933884610944554	-10.776257029145635	6.73304192334779	-3.878052971832741	-5.013544931547557	-2.0446295921421784	-7.744660589097173	1.5367458248588541	2.2458423205700404	-1.6310642477024146	3.3219494881654286	-11.95548421213262	-5.08002303129827	-0.29866927840268104	-3.8482912126660103	-0.405068362087009	7.150928832538522	
5.352501000134747	-1.327875885834136	-14.707027690059244	-11.634432368026463	-12.339480216134243	-0.6028542645151879	-5.013544931547557	-9.749507216390612	-4.250196017477325	-9.641334237373085	-3.655767840855621	-3.646020380758003	-3.870515305415113	-5.352755381212173	-3.782366045039878	-6.667960671601334	18.355136836021444	-16.09468989743787	1.0780821647008887	4.465185635261155	
-13.595510834697215	2.8299398560397977	11.036190887788745	-4.153873036970152	2.1106320118196447	2.8953356955737113	-2.044629592142178	-4.250196017477325	17.790161238041772	-5.526483610197816	4.171801466578492	1.6633790802480226	-0.20787226865014125	-0.5000090507342523	-14.555530233986547	8.83859094416759	-7.933398828108901	3.6867522501976855	-13.55594194168687	3.6241249060368963	
5.6640901398169685	-3.0336482509482794	-9.706992869708104	-6.68706395984955	-11.348325073115461	-14.603200975527317	-7.744660589097173	-9.641334237373085	-5.526483610197816	7.390743933542175	-1.2653240133784773	-7.192524890722128	3.533981011502816	2.681722821029996	2.512905554209703	-0.33375490269577596	4.058304318208498	-7.256537399021878	16.922235333061536	-15.543130825870255	
-1.941680903982254	-1.620188951536221	-16.49336784202976	-3.988839711869685	3.684685787171881	-2.7261688525316154	1.536745824858855	-3.655767840855621	4.171801466578492	-1.2653240133784776	-16.17338548215736	-4.346168754259635	0.9883693901950434	10.407166135149696	-1.0147518417186276	-3.640204618636641	0.5528665533864203	-1.9384624925634069	2.7242747514914467	2.5912005681165398	
5.100745743127989	6.077922902613122	-6.952684959177828	-17.08568079274558	-10.298952782945518	-1.7965161334183959	2.24584232057004	-3.646020380758003	1.663379080248023	-7.192524890722128	-4.346168754259635	-4.842682229784638	5.24566596101953	-7.969425521079618	-0.7726875880634537	-4.203688593452014	4.4349881144641055	-10.250423641642069	2.9691255453872243	4.749973207810685	
4.737198978363991	-3.5845621959048546	-3.4547268462243874	0.24260757885621456	0.9808197485316656	0.4107507920735526	-1.6310642477024169	-3.870515305415113	-0.20787226865014097	3.533981011502817	0.9883693901950436	5.24566596101953	13.644973000891078	-8.420845466573214	-1.9904184137288325	-1.2253425013384456	6.222428935801153	-14.003689170573864	-0.7766510986982865	1.532516171626796	
-2.20687872440639	13.167035259116409	-1.1810815708922808	-8.38075706986446	2.438220701695899	-8.798195601021801	3.321949488165428	-5.352755381212174	-0.5000090507342521	2.681722821029996	10.407166135149696	-7.969425521079616	-8.420845466573214	19.06928072833391	-15.507209281381018	5.460022856018071	5.297666187146259	-8.557420437464279	5.95886407616429	0.0827078998060265	
16.052308243188293	-8.282209805239859	-7.16824982645246	1.9532907686718772	-8.845047371051962	3.2768812601799384	-11.95548421213262	-3.7823660450398773	-14.555530233986545	2.5129055542097025	-1.014751841718628	-0.7726875880634537	-1.9904184137288323	-15.50720928138102	23.762996135955692	-14.298315435473466	6.80489937033898	-2.2280184971548023	5.961863015419603	-2.604569634149264	
-18.883146215246597	2.7926391849020846	3.257207019816167	-0.2692706500600995	-0.4752033999395828	-3.331882465346057	-5.0800230312982695	-6.667960671601334	8.838590944167589	-0.33375490269577657	-3.640204618636641	-4.203688593452015	-1.2253425013384447	5.46002285601807	-14.298315435473466	2.4512599199321525	-0.9562789762632327	-7.325398267354632	-6.9064676177632975	-5.344446159375588	
9.252111531192154	1.935980616123342	-9.42943057829365	-10.96897129258043	1.03807675400255	1.4536534662990481	-0.2986692784026787	18.355136836021444	-7.933398828108901	4.058304318208497	0.5528665533864203	4.434988114464105	6.222428935801153	5.297666187146258	6.80489937033898	-0.9562789762632328	-0.4050077854813452	-4.156576031869877	0.9217517707107219	1.295365086565665	
-8.53388114376216	0.08446389430706265	9.334921773405709	8.301317574269001	-3.6649213104622893	5.055746075370921	-3.8482912126660094	-16.094689897437867	3.6867522501976855	-7.256537399021878	-1.938462492563406	-10.25042364164207	-14.003689170573864	-8.557420437464279	-2.228018497154804	-7.325398267354632	-4.156576031869877	8.204206534390714	-4.893492170411783	6.370533063352927	
8.386151714513085	-0.8427862266247529	-3.186562492990121	14.654616218075967	4.385356652866173	-2.496110397593398	-0.4050683620870067	1.0780821647008894	-13.55594194168687	16.922235333061536	2.7242747514914463	2.969125545387225	-0.7766510986982863	5.95886407616429	5.9618630154196035	-6.906467617763298	0.9217517707107223	-4.893492170411783	11.833358971727565	-0.22234900707383531	
-5.26392354702618	4.954515329330778	7.332965498653541	1.2380336575877724	-8.63956874858003	1.2179494992095463	7.150928832538522	4.465185635261156	3.624124906036897	-15.543130825870255	2.5912005681165393	4.749973207810685	1.5325161716267965	0.08270789980602707	-2.6045696341492643	-5.344446159375589	1.2953650865656636	6.370533063352927	-0.2223490070738356	5.705787526261758	
0.0	1.0	1.0	1.0	0.0	1.0	1.0	0.0	1.0	0.0	0.0	0.4414	0.0	0.0	0.0	1.0	0.0	1.0	0.0	1.0	