20	269.791831	True	0.0145	0
20.0	30.770627024270297	50.0	43.5	5.005116320799399	-31.784109968711157	-16.718025638013994	73.5	26.18565323968715	16.561358137424367	19.0	-10.0	15.284834183358203	31.611732404707112	-11.219820035160684	37.047271376452926	58.485766381663474	12.489647222545514	29.97846749843479	51.2419814804898	
-46.0	0.0	0.0	0.0	0.0	0.0	0.0	0.0	0.0	0.0	0.0	0.0	0.0	0.0	0.0	0.0	0.0	0.0	0.0	0.0	
0.0	-25.601178037973085	0.0	0.0	0.9354831577751985	1.2556919557947792	-5.229882504875548	0.0	-2.6467467283480826	-10.01573625671544	0.0	0.0	-0.9868502014615244	-6.0378002271239435	12.096143858108341	-4.462077866765878	12.3711844727345	-4.5057982801696115	-2.321337753530534	4.667223366612881	
0.0	0.0	-26.0	0.0	0.0	0.0	0.0	0.0	0.0	0.0	0.0	0.0	0.0	0.0	0.0	0.0	0.0	0.0	0.0	0.0	
0.0	0.0	0.0	-23.0	0.0	0.0	0.0	0.0	0.0	0.0	0.0	0.0	0.0	0.0	0.0	0.0	0.0	0.0	0.0	0.0	
0.0	0.9354831577751974	0.0	0.0	-27.862703316824796	3.9470489668603648	7.668624395136454	0.0	11.748020479920076	-9.355999861835059	0.0	0.0	-4.852690689633248	-20.518910092804045	-1.4913175953614186	-4.988504757773894	-3.487084984541326	-4.69974687385148	3.553288281812829	-1.852538643520633	
0.0	1.2556919557947779	0.0	0.0	3.9470489668603634	-25.898403164083625	4.830005221008427	0.0	9.271647730053301	13.361068348813474	0.0	0.0	-13.890035422153488	7.211914011299015	-2.23033403355666	8.068243946821534	3.0456011412293416	7.213548004531507	-5.6821971375511895	-1.6351309806466283	
0.0	-5.229882504875549	0.0	0.0	7.668624395136454	4.830005221008428	-32.695481049025716	0.0	4.0667429976256155	1.987535243641832	0.0	0.0	5.565624762113158	-5.4912021534803745	0.16367925747732762	1.999713768523734	-1.021037641657685	-3.4468730254998743	5.628466209731032	1.3089256668713367	
0.0	0.0	0.0	0.0	0.0	0.0	0.0	-69.0	0.0	0.0	0.0	0.0	0.0	0.0	0.0	0.0	0.0	0.0	0.0	0.0	
0.0	-2.6467467283480812	0.0	0.0	11.748020479920074	9.2716477300533	4.0667429976256155	0.0	-27.481435583105785	-4.7817795551979785	0.0	0.0	5.291014326770963	12.711347687175882	0.43092601836428285	-8.24022591008047	5.489372507185203	-3.8202407185312635	-1.8978858276112809	12.431850932349475	
0.0	-10.015736256715442	0.0	0.0	-9.355999861835057	13.361068348813474	1.987535243641833	0.0	-4.781779555197979	-47.84502732218589	0.0	0.0	4.898625494923804	-7.163810897273876	7.104535298309259	-6.532053906752195	-8.32950847116451	6.494020271732808	-2.310438859779366	5.529624179767629	
0.0	0.0	0.0	0.0	0.0	0.0	0.0	0.0	0.0	0.0	-20.0	0.0	0.0	0.0	0.0	0.0	0.0	0.0	0.0	0.0	
0.0	0.0	0.0	0.0	0.0	0.0	0.0	0.0	0.0	0.0	0.0	-2.0	0.0	0.0	0.0	0.0	0.0	0.0	0.0	0.0	
0.0	-0.9868502014615264	0.0	0.0	-4.852690689633248	-13.890035422153488	5.565624762113157	0.0	5.291014326770963	4.898625494923802	0.0	0.0	-22.20378831119878	-2.9491753841068453	-2.446974722264197	1.871916979062467	-5.596511429026527	-12.407708281273083	-10.177194762105117	-2.1953548945056918	
0.0	-6.037800227123944	0.0	0.0	-20.518910092804045	7.211914011299015	-5.4912021534803745	0.0	12.711347687175882	-7.163810897273877	0.0	0.0	-2.9491753841068453	-36.410098235069114	-1.2008955485439095	-7.2649884694013345	-0.16392373808912183	-9.609244629859852	-5.316640259639322	-12.73324895433498	
0.0	12.096143858108343	0.0	0.0	-1.4913175953614184	-2.2303340335566606	0.1636792574773275	0.0	0.4309260183642834	7.104535298309259	0.0	0.0	-2.446974722264197	-1.2008955485439095	-18.961742832665372	5.02863683159708	-10.576051678379732	3.7371658663604603	-8.474873618806788	1.3012013258936417	
0.0	-4.462077866765878	0.0	0.0	-4.988504757773894	8.068243946821532	1.9997137685237332	0.0	-8.24022591008047	-6.532053906752195	0.0	0.0	1.8719169790624661	-7.264988469401335	5.028636831597078	-45.93887259557877	5.941829564712094	-1.39496720040215	9.504692253794362	-7.863366649696917	
0.0	12.3711844727345	0.0	0.0	-3.4870849845413248	3.045601141229341	-1.0210376416576852	0.0	5.489372507185204	-8.329508471164512	0.0	0.0	-5.5965114290265285	-0.16392373808912142	-10.576051678379732	5.941829564712096	-33.154639617198725	-9.622401404904489	-8.613699342751708	-7.4839612212760125	
0.0	-4.5057982801696115	0.0	0.0	-4.699746873851479	7.213548004531508	-3.4468730254998747	0.0	-3.8202407185312643	6.494020271732806	0.0	0.0	-12.40770828127308	-9.609244629859852	3.737165866360461	-1.3949672004021494	-9.62240140490449	-44.12315349429998	-6.6790136575405095	-6.816890403268468	
0.0	-2.3213377535305346	0.0	0.0	3.553288281812829	-5.6821971375511895	5.628466209731032	0.0	-1.8978858276112813	-2.310438859779367	0.0	0.0	-10.177194762105117	-5.31664025963932	-8.474873618806786	9.504692253794364	-8.613699342751708	-6.679013657540508	-28.791613277480643	-7.639914272739444	
0.0	4.667223366612881	0.0	0.0	-1.8525386435206328	-1.6351309806466285	1.308925666871337	0.0	12.431850932349473	5.529624179767627	0.0	0.0	-2.195354894505692	-12.73324895433498	1.3012013258936432	-7.863366649696915	-7.4839612212760125	-6.816890403268468	-7.6399142727394445	-31.031863163309843	
