20	217.580634	217.580634	True	0.0413	0.002	5	2
12.698418954325042	-1.7583736734363633	20.97888070078338	35.96397681627571	-12.601607399999297	-47.38132610444342	51.97606807816625	17.357426723596653	21.64579850733692	15.114008439145646	-16.795992192932086	-22.6602168679459	2.564718815184799	-0.5886986201741493	4.113728675095469	-16.53459461042289	17.2372807963731	-10.40865549433995	-49.61369700666051	19.330677878317665	
-7.207007591961684	-9.95080707845184	-1.36744487444813	-3.295125234584952	7.062722591121803	6.2783129062900915	4.549384885052239	6.457204404078908	1.8414655559516138	2.0979438726449398	-5.6041971742671315	0.783173067650926	-1.8062468412454478	-7.949975696868199	-1.9823180200518267	2.2949064445645626	6.059985573007375	-7.818749986906228	0.45826348711812176	-0.1478304340487132	
-9.95080707845184	-9.51634188879449	1.1911689185070944	-11.579463493529117	-4.233537553240539	0.03777510551677695	2.375209365093141	3.0179215039245877	-7.82526705601682	5.7075485931556225	-4.5726560618040795	-1.9966582083871576	-3.026394614997166	-0.5333829441859914	-2.7741430849989044	-2.774848939455629	5.304049096417221	-0.7881203725364824	4.0794094951378	-5.305153066270269	
-1.36744487444813	1.1911689185070944	-4.052807684674899	-3.35588507472834	-1.6119772827994747	-2.63340009863109	-2.246345167035176	-2.853483275435406	-4.723409504935531	4.180015865382888	6.6881321302865775	-2.035854083486599	-4.2856771859459695	-4.018699730433107	-9.502731644739221	-1.554621113983274	-0.8920198759010604	-0.5291216760486805	-0.7563915261380372	-6.636860639342379	
-3.2951252345849524	-11.579463493529117	-3.35588507472834	-2.376185493930712	-2.867849719899691	-3.053338538448589	1.67100638671961	1.5542980834262323	-1.8289705159129734	2.452210553095391	-3.9736316607275346	-9.93798727037023	-4.190030978856498	-0.23756377712019355	-9.756359024113003	-9.6292573234599	-0.5202874029310786	4.204421618721599	10.123274214778743	-12.027594262684955	
7.062722591121803	-4.233537553240539	-1.6119772827994747	-2.8678497198996906	2.817252427422328	9.57164298240325	-9.325806585739496	-7.7071583941240185	3.1550719461121632	-5.8208184593383585	-4.398288183559246	-7.77964049263353	1.9798776138026146	7.032745587695053	1.430507958877123	4.028494129858865	-4.52449121579985	3.4485532292987116	20.19790032458752	-7.266344534865669	
6.278312906290093	0.03777510551677662	-2.6334000986310904	-3.053338538448589	9.571642982403247	23.506273262486282	-14.044601647666926	-7.149687568349556	-3.2797682703651283	-5.334342889254989	1.849288851354397	11.617227941917246	-0.4703595867946275	-1.3076820620862613	3.920046827478729	15.417225748691804	-4.355333557896001	8.000021457618463	15.040664525294822	9.860968691305452	
4.549384885052239	2.3752093650931423	-2.2463451670351766	1.67100638671961	-9.325806585739496	-14.044601647666926	9.525239337417492	-2.5566369396869293	8.613724733812177	1.3513205542683677	0.9342504493172028	-16.26286917616331	-2.456183650424681	6.811573905579045	-4.721285331227616	-9.149461360637273	3.876246846948933	2.275803553957038	-2.4620147687618497	-14.690795120760333	
6.457204404078909	3.0179215039245872	-2.853483275435406	1.5542980834262328	-7.7071583941240185	-7.149687568349558	-2.5566369396869306	-18.426413565863793	-10.849628117666313	-1.3284130435885033	13.103913643697828	-3.966465951932717	1.9519525558095805	10.649386958843722	-6.677876986727078	6.045896029631385	-8.188967143615095	10.878824226030623	-2.773107144670199	-3.3394194939219313	
1.8414655559516138	-7.82526705601682	-4.723409504935531	-1.8289705159129732	3.1550719461121624	-3.2797682703651296	8.613724733812177	-10.849628117666313	1.7671934188859721	7.04170943350588	1.376904633712621	-19.768837892005585	-4.870608084278647	-0.8729173820678978	-4.086807384029373	3.7149915063487606	10.544809409909767	0.1855295663128077	5.521932254473003	-8.868236143805678	
2.0979438726449393	5.7075485931556225	4.180015865382888	2.452210553095391	-5.820818459338359	-5.334342889254988	1.3513205542683677	-1.3284130435885033	7.04170943350588	-0.9274675667961279	-3.6887165212711186	-7.290373985143532	9.490085210391799	6.305450936008061	4.3037432221509375	-0.7600282518515004	3.0213406840448824	-6.516373624405864	-5.4345538319344	-9.96758704692058	
-5.604197174267131	-4.572656061804078	6.688132130286577	-3.973631660727533	-4.398288183559246	1.8492888513543988	0.934250449317203	13.103913643697826	1.3769046337126223	-3.6887165212711186	-8.697835893691636	-1.3146529527762871	1.692531606275819	-1.1870304566712058	8.001921870023068	-6.775323263075385	5.177451746152611	-2.8074178186777563	5.642396329698174	1.4324627997724082	
0.783173067650926	-1.9966582083871567	-2.0358540834865995	-9.937987270370233	-7.779640492633528	11.617227941917246	-16.26286917616331	-3.966465951932717	-19.768837892005585	-7.290373985143533	-1.314652952776287	24.886271159221735	-0.2445367403517585	-3.907113542933981	0.19791503477498146	5.1009748421001655	-15.548594583841128	17.817410388847254	0.8118185012745844	20.11682326995492	
-1.8062468412454478	-3.0263946149971663	-4.28567718594597	-4.190030978856498	1.9798776138026146	-0.4703595867946276	-2.456183650424681	1.9519525558095805	-4.870608084278649	9.4900852103918	1.6925316062758184	-0.24453674035175846	-10.19494600250399	-2.864495635475689	-2.137202453660139	0.5051549960024635	8.745239255805227	4.1947563550230225	-0.027394220943055315	-0.9104690662010214	
-7.9499756968682	-0.5333829441859912	-4.018699730433107	-0.23756377712019378	7.032745587695052	-1.3076820620862615	6.811573905579044	10.64938695884372	-0.8729173820678973	6.30545093600806	-1.1870304566712047	-3.907113542933981	-2.8644956354756888	-5.93844582145062	-8.152475502470335	-9.473516134843406	4.836967837403357	-3.9474159411984435	0.6599618623304895	-9.131293906418847	
-1.9823180200518271	-2.7741430849989044	-9.502731644739221	-9.756359024113001	1.430507958877123	3.920046827478729	-4.721285331227616	-6.677876986727078	-4.086807384029372	4.3037432221509375	8.001921870023068	0.19791503477498154	-2.1372024536601395	-8.152475502470335	-4.731073973307625	2.1154318207230696	-2.8976905059183076	2.7732040158065354	9.549983639605614	-3.2727961850243763	
2.2949064445645635	-2.774848939455629	-1.554621113983274	-9.6292573234599	4.0284941298588635	15.417225748691802	-9.149461360637273	6.045896029631384	3.7149915063487606	-0.7600282518515004	-6.775323263075386	5.1009748421001655	0.505154996002463	-9.473516134843406	2.1154318207230687	6.457051860626646	1.0303729256521503	-2.9156251351588387	9.95538322887719	1.9020539703276533	
6.059985573007373	5.304049096417221	-0.8920198759010605	-0.5202874029310784	-4.52449121579985	-4.355333557896	3.876246846948932	-8.188967143615093	10.544809409909766	3.0213406840448833	5.17745174615261	-15.548594583841128	8.745239255805226	4.836967837403357	-2.897690505918307	1.030372925652151	0.5348051932962998	-4.665792953723533	4.247988268691953	-14.124842598313139	
-7.818749986906228	-0.7881203725364827	-0.5291216760486804	4.204421618721599	3.4485532292987116	8.00002145761846	2.2758035539570374	10.878824226030623	0.1855295663128072	-6.516373624405864	-2.8074178186777567	17.817410388847254	4.1947563550230225	-3.9474159411984444	2.7732040158065354	-2.9156251351588396	-4.665792953723534	5.434687275460379	-5.623887236649882	10.430110975658401	
0.4582634871181217	4.0794094951378	-0.7563915261380365	10.123274214778743	20.19790032458752	15.040664525294822	-2.4620147687618497	-2.773107144670199	5.521932254473003	-5.4345538319344	5.642396329698174	0.8118185012745842	-0.027394220943055162	0.6599618623304897	9.549983639605614	9.95538322887719	4.247988268691953	-5.623887236649882	13.191041246602927	2.263567560198106	
-0.14783043404871224	-5.305153066270267	-6.636860639342379	-12.027594262684955	-7.266344534865669	9.860968691305452	-14.690795120760333	-3.3394194939219313	-8.868236143805676	-9.967587046920581	1.4324627997724086	20.11682326995492	-0.9104690662010212	-9.131293906418847	-3.2727961850243763	1.9020539703276524	-14.124842598313139	10.4301109756584	2.263567560198106	5.915763295406628	
1.0	0.0	1.0	1.0	0.0	0.0	1.0	0.5708	1.0	1.0	0.0	0.0	0.1413	1.0	0.0	0.0	1.0	0.0	0.0	0.0	