20	155.436723	155.436723	True	0.3686	0.002	4	2
34.912753550449175	-2.4486645268655707	11.295416891861398	20.461948573357297	-35.498050185089056	-8.966188998125183	-14.289370548761738	13.46110400425205	3.0023653659964378	13.200946643297257	-19.306513533802985	10.483571050857847	20.96846851464423	10.094893992632265	-7.496449915162614	-4.474491762180591	7.887759942771549	13.553962204835692	-12.411149625360805	18.70803607343487	
-9.713720321446315	3.11685805612748	-1.7175051077424937	-1.193601438114878	4.91117745177065	4.786794951142908	-7.000360789249227	-1.1896024298098313	10.19548713829485	-11.821012604626358	4.566769191276772	-0.1962624628158175	8.133777511498144	-4.155659602997879	7.165758593996782	6.411986045370064	-4.188267105653213	-11.633090078917558	2.9617294286387486	-6.190924797279009	
3.11685805612748	6.136954359828934	5.754868191835574	0.7243184323111534	2.3238044515708576	1.3397740700720941	0.44488302883672287	-2.023047563983322	-0.4153191371278158	3.3722606705266753	1.3753920794095995	4.3212328683055805	-4.1716814654332985	6.606039506632164	-1.358563129212947	0.28343125452645884	1.121476413599371	-0.6074260946990185	5.3244023953649675	1.8054923779725567	
-1.717505107742494	5.754868191835574	-13.975816098979013	-5.348972807315042	2.2589799623208284	6.421206629989648	1.8116743613208592	-7.265728557375272	6.232644542115855	-2.3804848097954068	1.6093529764204737	-11.325880885265724	13.461762198094116	-8.70223039142306	2.039674956812241	8.70110466660105	2.2876022192051755	-5.609666052473025	-0.1520128824366785	-10.238224847838753	
-1.193601438114878	0.7243184323111528	-5.348972807315041	-5.963541894935321	-2.1048925021676754	-4.3345627958893775	-3.904630238346394	9.62055889889569	-5.140363519178407	-1.8048079826670451	2.108473870407637	-6.753292684798176	2.363712426428194	0.27767293825546585	7.562616540453672	4.599582339371074	1.6381341236386395	0.6133111614064298	-9.000840064345772	-4.559564834090023	
4.91117745177065	2.3238044515708576	2.258979962320828	-2.1048925021676768	-7.090456704448198	-4.320964894097199	-1.2852911724255762	2.313259826166977	-1.8705933681176459	3.7442436862950697	-0.5761782165758005	6.676728720329918	-3.081280908426919	5.341764055641934	2.294389360796542	3.075209110785517	9.420457753522221	7.667452258470812	-4.42609339411227	5.383684157502734	
4.786794951142908	1.3397740700720933	6.421206629989648	-4.334562795889377	-4.320964894097199	4.706400941239829	3.780788168888242	-3.9371243729369354	-4.5456367580827415	5.732931610438377	-2.9813772729809718	6.264039322876689	-7.994160935330726	3.3499106348857817	-0.2887000973781903	-8.942366023288644	-2.0505618317661716	6.421642656754009	6.477125942469207	10.933693419453839	
-7.000360789249227	0.4448830288367232	1.8116743613208592	-3.904630238346394	-1.2852911724255762	3.7807881688882423	4.7157004866644945	1.0974408102075905	-0.0768974522728018	-4.447015026416779	1.8853628711280321	-1.3250161183792586	-0.21240300391970027	2.6496981899104624	3.9040982169490537	-2.3283910856781116	-4.850817172815263	-7.159071937882499	6.88330632051876	1.523879420125912	
-1.1896024298098313	-2.023047563983322	-7.265728557375272	9.620558898895686	2.3132598261669766	-3.9371243729369354	1.0974408102075908	-0.04742409909894618	3.4027398523074317	-1.0163704480237286	-0.1490037240739171	-8.762125319769927	10.868090780479552	-6.44185927031445	-4.4835225587497325	6.380105514750868	-0.5487463866424127	-4.663041476485179	-4.330017693128371	-7.9457778960747145	
10.195487138294851	-0.4153191371278158	6.232644542115856	-5.140363519178406	-1.870593368117646	-4.5456367580827415	-0.07689745227280186	3.4027398523074313	1.2333001816187936	2.0287175055157785	1.4336453405849068	7.772061378890113	-5.883508436824292	2.9851770670406754	2.574281645249749	-9.198841719769206	-1.795810303125594	1.7121978447696289	-0.9921583978318531	5.187866117640707	
-11.821012604626358	3.3722606705266753	-2.3804848097954068	-1.8048079826670451	3.74424368629507	5.732931610438378	-4.447015026416779	-1.0163704480237286	2.0287175055157785	-8.96219280303848	4.019993469949689	0.7541132297566555	4.130373122247744	0.4271922203362262	8.372614609619445	3.5261892584294316	-5.623021364638421	-6.478977561032465	5.689071172602323	-1.1312023357522578	
4.566769191276772	1.3753920794095997	1.6093529764204733	2.108473870407637	-0.5761782165758004	-2.981377272980972	1.885362871128032	-0.14900372407391732	1.4336453405849068	4.019993469949689	3.0471544811735884	-0.6477903654104138	-1.5077307280459933	4.114827127847029	-0.6124070643927335	-0.6954472091927202	2.026740500850526	-3.683707338199296	1.351483409995997	-1.8598748246254921	
-0.1962624628158176	4.32123286830558	-11.325880885265725	-6.7532926847981765	6.676728720329918	6.26403932287669	-1.3250161183792584	-8.762125319769927	7.772061378890112	0.7541132297566551	-0.6477903654104138	-8.09739623793514	6.885781135828604	-5.552206574203914	-3.554419416590108	11.981922316333886	5.768661756360959	-1.262856117110325	-2.836670150117397	-8.210648723463661	
8.133777511498144	-4.1716814654332985	13.461762198094116	2.3637124264281955	-3.0812809084269186	-7.994160935330727	-0.2124030039197008	10.868090780479552	-5.883508436824292	4.130373122247744	-1.5077307280459933	6.885781135828604	-9.750888688929399	7.099587437416332	-1.2662858263233994	-10.57704402234864	-2.6180522479334845	5.21879248134366	-1.230306709928468	6.3433074323115095	
-4.15565960299788	6.606039506632164	-8.70223039142306	0.277672938255465	5.341764055641934	3.3499106348857817	2.649698189910463	-6.441859270314449	2.9851770670406754	0.42719222033622606	4.11482712784703	-5.552206574203914	7.099587437416332	0.16457618197853385	2.3091108006347305	6.279585577286547	-0.10994957477936262	-4.930092536837599	3.383190595926791	-6.93968649393352	
7.165758593996782	-1.358563129212947	2.039674956812241	7.562616540453674	2.2943893607965418	-0.2887000973781897	3.904098216949054	-4.483522558749733	2.574281645249749	8.372614609619445	-0.6124070643927333	-3.554419416590109	-1.2662858263233991	2.3091108006347305	-10.004871380704053	-0.5298932589681561	4.115657793154512	-1.889205275831269	2.8219556320147183	-4.742261121446059	
6.411986045370064	0.28343125452645884	8.70110466660105	4.599582339371074	3.075209110785517	-8.942366023288645	-2.3283910856781116	6.380105514750868	-9.198841719769206	3.5261892584294308	-0.6954472091927203	11.981922316333888	-10.57704402234864	6.279585577286547	-0.529893258968156	-7.035232104280679	-5.5249621935516995	7.717062272146012	-4.236609692869716	9.258819693277035	
-4.188267105653213	1.1214764135993707	2.2876022192051764	1.6381341236386393	9.420457753522221	-2.050561831766171	-4.850817172815263	-0.5487463866424129	-1.795810303125595	-5.623021364638421	2.0267405008505266	5.768661756360959	-2.6180522479334845	-0.10994957477936243	4.115657793154512	-5.5249621935516995	-15.559443256327262	-5.308133928666249	0.8578322416558087	6.740280298139737	
-11.633090078917558	-0.6074260946990192	-5.609666052473024	0.6133111614064295	7.667452258470812	6.421642656754009	-7.159071937882498	-4.663041476485179	1.7121978447696287	-6.4789775610324645	-3.683707338199297	-1.262856117110325	5.21879248134366	-4.930092536837599	-1.8892052758312687	7.717062272146012	-5.308133928666248	1.0221328854452314	-1.7745721042339664	2.684001572956976	
2.9617294286387486	5.3244023953649675	-0.15201288243667835	-9.000840064345773	-4.42609339411227	6.477125942469206	6.88330632051876	-4.330017693128371	-0.9921583978318532	5.689071172602322	1.3514834099959974	-2.8366701501173965	-1.2303067099284681	3.383190595926792	2.8219556320147183	-4.236609692869717	0.8578322416558082	-1.7745721042339673	6.641078311014249	1.7839040229600545	
-6.190924797279011	1.8054923779725567	-10.238224847838753	-4.559564834090023	5.383684157502735	10.93369341945384	1.523879420125912	-7.945777896074715	5.1878661176407075	-1.1312023357522583	-1.859874824625492	-8.21064872346366	6.3433074323115095	-6.93968649393352	-4.742261121446056	9.258819693277035	6.740280298139735	2.684001572956976	1.7839040229600553	-11.7587886954242	
1.0	1.0	0.7891	1.0	0.0	0.0	0.0	1.0	1.0	1.0	0.0	1.0	1.0	1.0	1.0	1.0	0.1239	0.0	0.0	0.0	