20	215.936172	215.936172	True	0.0445	0.0014	9	0
-33.53344734750056	19.468791821181416	14.865445050541883	35.93211463665951	14.389170187775468	-28.576401443320854	-43.43485417118478	21.15442051943363	30.46171477461201	2.3764139039384062	-1.7552846247757223	-1.6413395735311944	0.6659373819373853	17.11894051368477	5.72832546950977	-11.637193805464026	14.322275056191927	-24.1765319157088	-10.80993361208101	9.872092877687793	
16.395842686708985	-0.17056545712675752	-3.5880406168570946	2.121048359472073	-2.1211685559342413	-0.5890848780725475	-0.56215790789981	8.512605349747686	7.563168296852658	11.851479669820847	0.67511009962397	3.231640188502436	-8.827489379176486	6.039761342670168	0.3061210308028397	-4.771249789461711	5.877952986706178	-5.9331231714402906	-4.716853257162237	7.473079880127992	
-0.1705654571267572	-11.074584240695375	5.182939984939894	-4.4178556976092604	-1.4418364023044155	2.60539945578725	4.996730477419456	-2.0491250124698936	-6.659064992587548	12.65927238407447	11.80212440924916	4.6476582488577565	2.050346398012679	-8.431251349964734	4.6866472431302535	-3.818084777907653	-8.759375550886464	13.004312463085183	4.600274731657355	-10.159708361205238	
-3.588040616857094	5.182939984939893	11.400306359401151	-1.5483529782591952	8.244361111225421	2.0939148971424615	0.3328375106330613	0.1429888464226673	-4.4390593924889	8.619229051425737	-8.050406020052069	3.233707795146071	-4.866670682715871	-12.49419463088707	-11.733137479289748	-7.164681231031846	-5.1549050960787275	-4.101223018030924	-2.746062655262667	1.9521760218055078	
2.1210483594720735	-4.4178556976092604	-1.5483529782591954	-0.4754778171789107	1.5559848799365084	1.1156767739476594	10.637929150977397	-7.763650074041112	-8.452857368284603	-16.276982187170486	-2.127998446455048	4.603429745729109	-5.798944014585297	-3.8086811697965652	-4.322771050646792	-5.904108775693813	-8.490236709556177	3.0377886245288366	-6.9368935893815395	0.9419178518161953	
-2.1211685559342404	-1.441836402304415	8.244361111225423	1.5559848799365084	16.151155607918646	1.3052993295362585	8.02575760256621	-8.109343648090146	-8.23924706282598	-1.542414302096123	7.569895405354308	8.933010261363387	-1.6545203201637653	-9.45150054362434	-1.3047831049394953	-0.6263324537848838	-10.232939052430211	12.161030692906069	7.7609295886596685	-6.78125071777506	
-0.5890848780725475	2.60539945578725	2.0939148971424615	1.1156767739476594	1.3052993295362585	1.5569837901388277	4.465777924119381	-2.346896257631548	-3.4841765605318047	5.585070092671018	-4.323950449942489	0.6394034643227192	-0.18494238623888842	-2.2626984042373715	-1.7519010979969791	0.4953153166125125	2.26168331707715	1.3463705143792946	-2.8543920816110164	4.63328628924035	
-0.5621579078998091	4.9967304774194545	0.33283751063306133	10.637929150977396	8.02575760256621	4.46577792411938	3.774962230927023	11.61603894240969	9.647557921603362	4.473714585907245	-10.616263293190503	-4.335978906315027	9.879132398550142	7.5411769569911575	-7.378094708936303	6.953483360565118	12.48156269468532	-2.2084769132275373	-1.3615525272446485	6.021559612111025	
8.512605349747687	-2.049125012469894	0.14298884642266702	-7.763650074041114	-8.109343648090146	-2.3468962576315477	11.616038942409691	-1.981128552880986	-13.030526531573239	-7.202832339533524	-0.886085176547859	-2.8892429330125986	-13.568720288667862	-7.175695389481354	0.45435165055292015	-8.77557200342363	-6.728836089059994	-0.8828226193069607	-7.313396213577499	7.066815185895207	
7.563168296852658	-6.659064992587548	-4.4390593924889	-8.452857368284603	-8.23924706282598	-3.484176560531804	9.647557921603362	-13.030526531573239	-0.32053121699572873	-5.742075604145914	0.2703461351414015	9.659301612793627	-6.413545026807333	-5.49641444251138	-5.134569471156651	1.4490748309385493	-6.870009664533565	1.5311419665741244	-1.442639705450695	-3.553377326579234	
11.851479669820845	12.65927238407447	8.619229051425737	-16.276982187170486	-1.5424143020961227	5.585070092671018	4.473714585907245	-7.202832339533523	-5.7420756041459144	10.515708336941648	-10.703527964196645	-8.771455872811389	-8.152143330365597	-9.059696070749855	-12.239775026090845	-4.957890903339976	-14.595742673684219	-4.524217278759868	-0.411212742887466	6.055313980943038	
0.675110099623968	11.802124409249164	-8.050406020052069	-2.1279984464550497	7.569895405354306	-4.323950449942489	-10.616263293190501	-0.8860851765478581	0.2703461351414023	-10.703527964196644	6.372480743885037	-6.440694133587068	-4.550501809617471	12.114331155867077	9.041269295019623	2.3367428396159564	1.5180167189610236	-0.0893629379711406	4.31769891566897	4.286944164647431	
3.231640188502436	4.6476582488577565	3.233707795146072	4.603429745729109	8.933010261363387	0.6394034643227188	-4.335978906315028	-2.889242933012597	9.659301612793627	-8.771455872811389	-6.440694133587068	6.077500712507203	-2.037444017317383	4.886831156320369	-8.826840946680603	0.9163332647987694	-2.501872981992126	-7.657737871282694	2.7852280442211073	-0.7456045093086234	
-8.827489379176486	2.050346398012679	-4.866670682715872	-5.798944014585299	-1.6545203201637644	-0.18494238623888884	9.879132398550142	-13.568720288667862	-6.413545026807333	-8.152143330365597	-4.5505018096174705	-2.0374440173173833	17.62089046371501	3.4369976459751848	-4.004195427274664	11.566597227764452	-2.538966119532473	8.22883282760045	6.439032460880008	-3.795397703710569	
6.039761342670168	-8.431251349964734	-12.49419463088707	-3.8086811697965652	-9.45150054362434	-2.2626984042373715	7.541176956991158	-7.175695389481354	-5.496414442511382	-9.059696070749855	12.114331155867077	4.886831156320368	3.4369976459751843	6.207399244106949	8.085235081094131	5.660109540806137	-4.095514650547073	14.222862105876656	4.550272172116443	-9.63775000940795	
0.3061210308028392	4.6866472431302535	-11.73313747928975	-4.322771050646792	-1.3047831049394953	-1.7519010979969787	-7.378094708936303	0.45435165055292026	-5.134569471156652	-12.239775026090843	9.041269295019623	-8.826840946680603	-4.004195427274663	8.085235081094135	13.322332502404635	-0.03123578007102341	1.1228293256001187	4.697127939392089	-0.36151371567004154	0.19895981677301347	
-4.771249789461711	-3.818084777907653	-7.164681231031846	-5.904108775693813	-0.6263324537848836	0.49531531661251205	6.953483360565118	-8.775572003423628	1.4490748309385484	-4.957890903339975	2.336742839615957	0.9163332647987695	11.566597227764452	5.660109540806136	-0.031235780071023223	18.120370267514215	0.3892470516929645	11.932044911169902	9.05484617567065	-7.108229086748281	
5.877952986706179	-8.759375550886464	-5.1549050960787275	-8.490236709556179	-10.232939052430213	2.2616833170771504	12.48156269468532	-6.728836089059997	-6.870009664533565	-14.595742673684219	1.5180167189610236	-2.501872981992127	-2.538966119532473	-4.095514650547072	1.1228293256001178	0.3892470516929633	-4.967461080416213	6.523500054809656	-1.276034853080276	-3.6159507398054553	
-5.9331231714402906	13.004312463085183	-4.101223018030925	3.0377886245288357	12.16103069290607	1.3463705143792948	-2.2084769132275377	-0.8828226193069612	1.5311419665741255	-4.524217278759868	-0.08936293797114084	-7.657737871282692	8.22883282760045	14.222862105876654	4.697127939392087	11.932044911169902	6.523500054809657	11.954355594290442	6.083608264507404	0.9161059258564341	
-4.716853257162237	4.600274731657356	-2.746062655262667	-6.93689358938154	7.760929588659668	-2.8543920816110164	-1.3615525272446478	-7.3133962135775	-1.4426397054506952	-0.4112127428874661	4.317698915668969	2.7852280442211073	6.439032460880008	4.550272172116444	-0.36151371567004165	9.054846175670649	-1.2760348530802765	6.083608264507403	12.835285628786215	-4.509290472488551	
7.473079880127992	-10.159708361205238	1.9521760218055078	0.9419178518161948	-6.78125071777506	4.63328628924035	6.021559612111024	7.066815185895207	-3.553377326579234	6.055313980943038	4.286944164647432	-0.7456045093086234	-3.7953977037105693	-9.637750009407949	0.19895981677301347	-7.108229086748281	-3.615950739805457	0.9161059258564345	-4.509290472488551	-0.4762560150868323	
0.0	1.0	0.0	1.0	1.0	0.0	0.0	0.0	1.0	0.0	1.0	1.0	1.0	1.0	1.0	1.0	0.0	1.0	1.0	0.0	